Ошибки_измерения
-0.49
-1.39
0.61
0.77
0.01
-0.57
-0.07
1.2
-0.26
-1.22
-2.08
0.54
-2.72
2.07
-1.67
0.13
-1.32
0.4
1.48
0.6
-2.15
-0.01
2.5
0.65
2.62
0.41
-0.54
-0.04
-0.37
0.98
-0.35
-2.76
1.49
-3.72
0.1
-1.43
1.4
-0.65
-0.41
1.26
-1.87
-1.27
-4.35
2.94
1.03
0.36
2.07
-0.48
-1.26
-0.65
0.47
1.99
-0.09
-0.49
1.43
-2.72
-3.34
-0.43
0.57
-1.67
1.01
-1.2
-0.69
1.5
-1.89
2.26
0.05
1.3
-0.05
-0.94
0.7
1.69
-2.87
1.35
-0.1
0.31
-0.68
-2.02
2.22
0.41
0.63
1.95
1.49
-0.57
1.95
0.23
-1.84
0.67
0.73
0.62
-0.72
2.21
-1.97
1.21
-0.35
-2.43
0.1
-1.6
0.67
2.31
1.27
0.44
-1.74
2.52
0.72
0.2
0.2
1.78
0.63
-2.38
1.57
0.35
-2.43
-0.55
1.41
3.23
-0.98
-1.37
0.01
-2.12
-0.65
-0.83
-2.04
0.25
-1.28
-1.03
0.82
-0.54
1.19
0.92
1.57
-1.17
-0.62
-0.21
0.38
1.44
1.03
-1.45
-2.33
-0.02
-0.79
-1.67
-0.73
0.19
0.88
-0.01
1.43
1.96
-3.02
-0.87
-1.62
1.55
0.61
-0.13
-1.07
1.07
-0.18
-1.55
4.5
2.53
0.06
2.43
-2.11
-1.08
2.3
0.25
1.35
0.12
-1.64
0.5
3.32
-1.33
-0.48
-0.25
-1.7
0.35
0.5
0.79
0
1.53
-2
0.44
-1.53
-0.35
1.27
-1.57
2.16
-1.67
0.89
-2.44
0.6
-2.81
0.42
-0.35
-2.09
-0.27
0.45
1.31
3.4
-0.82
-0.88
-0.54
-0.34
-1.49
-0.92
-2.09
0.74
0.83
0.89
-2.64
2.56
1.7
0.2
0.8
3
2.87
0.29
3.27
1.77
-1.3
-1.85
-0.68
0.47
1.83
-1.01
1.11
-0.92
-0.64
-3.01
0.24
-1.55
0.1
-0.21
0.44
-0.15
0.88
-0.63
-0.74
1
-1
0.91
0.35
-0.29
2.58
-1.38
3.28
1.01
1.01
-0.24
0.21
1.76
-1.13
-0.48
1.85
0.64
-0.41
2.88
-1.25
-0.05
-1.82
3.75
0.63
-2.88
-2.66
0.24
-0.15
0.38
2.8
0.14
1.8
3.85
-1.45
0.09
2.21
-2.1
2.28
-0.22
0.42
-2.21
1.28
-1.41
-2.43
0.03
1.23
1.9
0.77
2.22
1.45
0.29
2.17
-0.2
-0.38
0.46
0.62
-1.96
1.8
2.5
-1.09
1.72
-0.33
-1.07
0.52
-0.92
0.91
1.82
0.36
1.48
2.17
1.25
0.19
0.15
1.46
1.8
-0.39
0.61
-0.34
-2.23
0.14
0.9
0.69
-1.26
-0.47
1.43
-1.22
-2.01
-0.32
1.53
1.42
-1.48
1.02
2.36
0.35
-0.39
4.07
-1.02
-2.14
-1.98
1.36
3.02
0.02
0.71
-0.35
-0.92
-1.35
0.18
-0.44
-2.65
2.74
1.23
0.25
1.17
0.55
1.53
0.16
0.11
-0.2
0.08
1.07
-0.95
1.62
0.79
0.03
-0.04
0.95
4.25
1.48
0.37
-1.1
-1.04
-0.02
-3.34
-0.88
1.55
0.74
-0.8
0.08
-3.25
0.43
-1.14
-0.93
-1.58
2
-0.26
1.83
1.39
0.87
-0.8
0.82
0.12
-0.44
0.22
0.98
0.85
1.31
-0.79
-0.96
0.42
0.76
-0.14
0.68
-0.77
-2.27
1.06
-0.59
-0.58
1.96
-1.44
0.92
0.38
-0.5
-1.26
-0.41
0.31
0.11
1.82
-0.44
1.83
-1.6
-0.04
1.01
-1.27
-0.69
0.9
2.28
-1.24
1.11
0.02
0.31
-0.38
3.04
1.64
-0.38
2.67
-1.6
-0.52
1.55
-0.83
0.94
1.46
1.29
-0.47
3.09
-0.57
3.57
-0.54
1.38
-1
1.46
-1.74
0.9
1.27
-1.71
0.09
1.2
0.25
1.25
-0.07
2.24
-0.66
0.64
-1.6
-2.28
1.49
0.32
-2.75
-1.34
-2.86
-0.7
0.2
2.88
0.67
-1.53
1.17
0.54
-0.35
1.6
-1.41
0.79
0.45
-0.07
-0.82
-1.4
-0.17
1.65
0.92
0.47
2.14
0.62
2.23
0.4
-0.61
3.45
0.09
-0.58
0.94
-2.11
-0.23
-0.34
0.8
0.32